      1 1
      3 2
      1 3
      4 4
      1 7
      5 8
      1 9
      2 10
      2 11
      3 12
      5 13
      2 14
     19 15
     96 16
    130 17
      7 18
      5 19
     13 20
     18 21
     18 22
      9 23
     14 24
     10 25
      6 26
      6 27
      4 28
      5 29
      2 30
      4 31
      1 32
      8 33
      1 34
      1 35
      1 36
      2 37
      2 38
      4 39
      1 40
      5 41
      3 42
      5 43
      3 44
      7 45
      1 46
      2 47
      1 48
    153 50
